netcdf \mppnccombine.nc {
dimensions:
	grid_xt = 96 ;
	grid_yt = 24 ;
	time = UNLIMITED ; // (1 currently)
variables:
	double grid_xt(grid_xt) ;
		grid_xt:long_name = "T-cell longitude" ;
		grid_xt:units = "degrees_E" ;
		grid_xt:axis = "X" ;
		grid_xt:domain_decomposition = 1, 96, 1, 96 ;
	double grid_yt(grid_yt) ;
		grid_yt:long_name = "T-cell latitude" ;
		grid_yt:units = "degrees_N" ;
		grid_yt:axis = "Y" ;
		grid_yt:domain_decomposition = 1, 96, 1, 24 ;
	double time(time) ;
		time:long_name = "time" ;
		time:units = "days since 0001-01-01 00:00:00" ;
		time:axis = "T" ;
		time:calendar_type = "NOLEAP" ;
		time:calendar = "noleap" ;
	float orog(grid_yt, grid_xt) ;
		orog:long_name = "Surface Altitude" ;
		orog:units = "m" ;
		orog:missing_value = 1.e+20f ;
		orog:_FillValue = 1.e+20f ;
		orog:cell_methods = "time: point" ;
		orog:cell_measures = "area: area" ;
		orog:standard_name = "surface_altitude" ;
		orog:interp_method = "conserve_order1" ;

// global attributes:
		:filename = "mppnccombine.nc.0000" ;
		:NumFilesInSet = 4 ;
		:title = "ESM4_piControl_D" ;
		:associated_files = "area: 00010101.grid_spec.nc" ;
		:grid_type = "regular" ;
		:grid_tile = "N/A" ;
data:

 grid_xt = 1, 2, 3, 4, 5, 6, 7, 8, 9, 10, 11, 12, 13, 14, 15, 16, 17, 18, 19, 
    20, 21, 22, 23, 24, 25, 26, 27, 28, 29, 30, 31, 32, 33, 34, 35, 36, 37, 
    38, 39, 40, 41, 42, 43, 44, 45, 46, 47, 48, 49, 50, 51, 52, 53, 54, 55, 
    56, 57, 58, 59, 60, 61, 62, 63, 64, 65, 66, 67, 68, 69, 70, 71, 72, 73, 
    74, 75, 76, 77, 78, 79, 80, 81, 82, 83, 84, 85, 86, 87, 88, 89, 90, 91, 
    92, 93, 94, 95, 96 ;

 grid_yt = 1, 2, 3, 4, 5, 6, 7, 8, 9, 10, 11, 12, 13, 14, 15, 16, 17, 18, 19, 
    20, 21, 22, 23, 24 ;

 time = 0 ;

 orog =
  8.54475, 0, 0, 0, 0, 0, 0, 0, 0, 0, 0, 0, 0, 0, 0, 0, 0, 0, 0, 0, 0, 0, 0, 
    0, 0, 0, 0, 0, 0, 0, 0, 0, 0, 0, 0, 0, 0, 0, 0, 0, 0, 0, 0, 0, 0, 0, 0, 
    0, 0, 0, 0, 0, 0, 0, 0, 0, 0, 0, 0, 0, 0, 0, 0, 0, 0, 0, 0, 0, 0, 0, 0, 
    0, 0, 0, 0, 0, 0, 0, 0, 0, 0, 0, 0, 0, 0, 0, 0, 0, 0, 0, 0, 0, 0, 0, 0, 0,
  110.6839, 9.015973, 0, 0, 0, 0, 0, 0, 0, 0, 0, 0, 0, 0, 0, 0, 0, 0, 0, 0, 
    0, 0, 0, 0, 0, 0, 0, 0, 0, 0, 0, 0, 0, 0, 0, 0, 0, 0, 0, 0, 0, 0, 0, 0, 
    0, 0, 0, 0, 0, 0, 0, 0, 0, 0, 0, 0, 0, 0, 0, 0, 0, 0, 0, 0, 0, 0, 0, 0, 
    0, 0, 0, 0, 0, 0, 0, 0, 0, 0, 0, 0, 0, 0, 0, 0, 0, 0, 0, 0, 0, 0, 0, 0, 
    0, 0, 0, 0,
  118.8102, 18.13202, 0.007421071, 0, 0, 0, 0, 0, 0, 0, 0, 0, 0, 0, 0, 0, 0, 
    0, 0, 0, 0, 0, 0, 0, 0, 0, 0, 0, 0, 0, 0, 0, 0, 0, 0, 0, 0, 0, 0, 0, 0, 
    0, 0, 0, 0, 0, 0, 0, 0, 0, 0, 0, 0, 0, 0, 0, 0, 0, 0, 0, 0, 0, 0, 0, 0, 
    0, 0, 0, 0, 0, 0, 0, 0, 0, 0, 0, 0, 0, 0, 0, 0, 0, 0, 0, 0, 0, 0, 0, 0, 
    0, 0, 0, 0, 0, 0, 0,
  130.705, 39.06387, 3.106806, 0, 0, 0, 0, 0, 0, 0, 0, 0, 0, 0, 0, 0, 0, 0, 
    0, 0, 0, 0, 0, 0, 0, 0, 0, 0, 0, 0, 0, 0, 0, 0, 0, 0, 0, 0, 0, 0, 0, 0, 
    0, 0, 0, 0, 0, 0, 0, 0, 0, 0, 0, 0, 0, 0, 0, 0, 0, 0, 0, 0, 0, 0, 0, 0, 
    0, 0, 0, 0, 0, 0, 0, 0, 0, 0, 0, 0, 0, 0, 0, 0, 0, 0, 0, 0, 0, 0, 0, 0, 
    0, 0, 0, 0, 0, 0,
  141.0809, 84.24564, 11.19796, 0.4508977, 0, 0, 0, 0, 0, 0, 0, 0, 0, 0, 0, 
    0, 0, 0, 0, 0, 0, 0, 0, 0, 0, 0, 0, 0, 0, 0, 0, 0, 0, 0, 0, 0, 0, 0, 0, 
    0, 0, 0, 0, 0, 0, 0, 0, 0, 0, 0, 0, 0, 0, 0, 0, 0, 0, 0, 0, 0, 0, 0, 0, 
    0, 0, 0, 0, 0, 0, 0, 0, 0, 0, 0, 0, 0, 0, 0, 0, 0, 0, 0, 0, 0, 0, 0, 0, 
    0, 0, 0, 0, 0, 0, 0, 0, 0,
  165.9822, 184.6116, 106.8482, 7.492514, 0, 0, 0, 0, 0, 0, 0, 0, 0, 0, 0, 0, 
    0, 0, 0, 0, 0, 0, 0, 0, 0, 0, 0, 0, 0, 0, 0, 0, 0, 0, 0, 0, 0, 0, 0, 0, 
    0, 0, 0, 0, 0, 0, 0, 0.08320683, 3.271346, 0, 0, 0, 0, 0, 0, 0, 0, 0, 0, 
    0, 0, 0, 0, 0, 0, 0, 0, 0, 0, 0, 0, 0, 0, 0, 0, 0, 0, 0, 0, 0, 0, 0, 0, 
    0, 0, 0, 0, 0, 0, 0, 0, 0, 0, 0, 0, 0,
  180.4211, 249.8835, 220.8967, 76.21671, 1.021369, 0, 0, 0, 0, 0, 0, 0, 0, 
    0, 0, 0, 0, 0, 0, 0, 0, 0, 0, 0, 0, 0, 0, 0, 0, 0, 0, 0, 0, 0, 0, 0, 0, 
    0, 0, 0, 0, 0, 0, 0, 0, 0, 0, 0, 0, 0, 0, 0, 0, 0, 0, 0, 0, 0, 0, 0, 0, 
    0, 0, 0, 0, 0, 0, 0, 0, 0, 0, 0, 0, 0, 0, 0, 0, 0, 0, 0, 0, 0, 0, 
    21.94272, 34.81591, 74.42256, 66.43814, 11.87937, 0, 0, 0, 0, 0, 0, 0, 0,
  149.0657, 196.1795, 177.1756, 126.4176, 11.39334, 0.5445582, 0, 0, 0, 0, 0, 
    0, 0, 0, 0, 0, 0, 0, 0, 0, 0, 0, 0, 0, 0, 0, 0, 0, 0, 0, 0, 0, 0, 0, 0, 
    0, 0, 0, 0, 0, 0, 0, 0, 0, 0, 0, 0, 0, 0, 0, 0, 0, 0, 0, 0, 0, 0, 0, 0, 
    0, 0, 0, 0, 0, 0, 0, 0, 0, 0, 0, 0, 0, 0, 0, 0, 0, 0, 2.201014, 10.06274, 
    26.85098, 48.46229, 196.196, 446.1897, 398.605, 448.8601, 587.3398, 
    619.0617, 478.8845, 191.0291, 9.431361, 0, 0, 0, 0, 0, 0,
  247.4764, 260.0786, 196.9956, 132.1378, 48.361, 5.852092, 0, 0, 0, 0, 0, 0, 
    0, 0, 0, 0, 0, 0, 0, 0, 0, 0, 0, 0, 0, 0, 0, 0, 0, 0, 0, 0, 0, 0, 0, 0, 
    0, 0, 0, 0, 0, 0, 0, 0, 0, 0, 0, 0, 0, 0, 0, 0, 0, 0, 0, 0, 0, 0, 0, 0, 
    0, 0, 0, 0, 0, 0, 0, 0, 0, 0, 0, 0, 0, 0, 0, 0, 6.821061, 227.5061, 
    341.0564, 416.8428, 546.1491, 760.7002, 800.6117, 811.9203, 918.2296, 
    1199.078, 1194.457, 1065.196, 779.4019, 539.7784, 68.59048, 0, 0, 0, 0, 0,
  254.4188, 378.3603, 367.6226, 301.4343, 162.2049, 108.9995, 0.9085217, 0, 
    0, 0, 0, 0, 0, 0, 0, 0, 0, 0, 0, 0, 0, 0, 0, 0, 0, 0, 0, 0, 0, 0, 0, 0, 
    0, 0, 0, 0, 0, 0, 0, 0, 0, 0, 0, 0, 0, 8.392265, 0, 0, 0, 0, 0, 0, 0, 0, 
    0, 0, 0, 0, 0, 0, 0, 0, 0, 0, 0, 0, 0, 0, 0, 0, 0, 0, 0, 0, 0, 0, 
    84.11958, 610.6379, 784.4166, 873.3272, 803.2366, 954.6566, 1133.667, 
    1193.683, 1333.627, 1518.089, 1657.062, 1719.367, 1548.189, 1097.09, 
    488.3766, 19.6729, 0, 0, 0, 0,
  282.803, 388.1694, 501.5489, 557.1978, 613.9719, 624.3671, 154.6011, 0, 0, 
    0, 0, 0, 0, 0, 0, 0, 0, 0, 0, 0, 0, 0, 0, 0, 0, 0, 0, 0, 0, 0, 0, 0, 0, 
    0, 0, 0, 0, 0, 0, 0, 0, 0, 0, 0, 0, 0, 0, 0, 0, 0, 0, 0, 0, 0, 0, 0, 0, 
    0, 0, 0, 0, 0, 0, 0, 0, 0, 0, 0, 0, 0, 0, 0, 0, 0, 0, 1.850073, 136.7001, 
    621.1481, 1059.969, 1205.403, 1271.604, 1289.321, 1373.992, 1468.906, 
    1399.973, 1501.777, 1674.687, 2147.529, 2156.621, 1497.179, 907.9773, 
    341.0655, 33.16307, 0, 0, 0,
  281.039, 423.6907, 485.7559, 651.8676, 783.3052, 889.3768, 610.0162, 
    16.97377, 0, 0, 0, 0, 0, 0, 0, 0, 0, 0, 0, 0, 0, 0, 0, 0, 0, 0, 0, 0, 0, 
    0, 0, 0, 0, 0, 0, 0, 0, 0, 0, 0, 0, 0, 0, 0, 0, 0, 0, 0, 0, 0, 0, 0, 0, 
    0, 0, 0, 0, 0, 0, 0, 0, 0, 0, 0, 0, 0, 0, 0, 0, 0, 0, 0, 0, 0, 0, 0, 
    129.3114, 660.4066, 997.0892, 1271.035, 1259.05, 1269.307, 1282.922, 
    1357.486, 1418.984, 1464.053, 1694.626, 2161.078, 2172.453, 1467.212, 
    1030.81, 612.332, 164.4304, 1.996331, 0, 0,
  322.6488, 427.8226, 549.0103, 681.7765, 829.639, 1022.879, 837.8648, 
    305.3638, 0, 0, 0, 0, 0, 0, 0, 0, 0, 0, 0, 0, 0, 0, 0, 0, 0, 0, 0, 0, 0, 
    0, 0, 0, 0, 0, 0, 0, 0, 0, 0, 0, 0, 0, 0, 0, 0, 0, 0, 0, 0, 0, 0, 0, 0, 
    0, 0, 0, 0, 0, 0, 0, 0, 0, 0, 0, 0, 0, 0, 0, 0, 0, 0, 0, 0, 0, 0, 
    9.138049, 280.6169, 659.5826, 1002.684, 1031.975, 1099.151, 1099.102, 
    1133.435, 1221.698, 1317.967, 1415.099, 1513.935, 1787.441, 1850.336, 
    1464.755, 1240.903, 696.9532, 172.8423, 13.54243, 0, 0,
  246.0376, 453.1236, 631.008, 871.3788, 1047.864, 932.1511, 816.0308, 
    317.9274, 6.631444, 0, 0, 0, 0, 0, 0, 0, 0, 0, 0, 0, 0, 0, 0, 0, 0, 0, 0, 
    0, 0, 0, 0, 0, 0, 0, 0, 0, 0, 0, 0, 0, 0, 0, 0, 0, 0, 0, 0, 0, 0, 0, 0, 
    0, 0, 0, 0, 0, 0, 0, 0, 0, 0, 0, 0, 0, 0, 0, 0, 0, 0, 0, 0, 0, 0, 0, 0, 
    150.0291, 674.2753, 908.9203, 930.3144, 938.6702, 1006.137, 1124.25, 
    1170.841, 1154.932, 1264.449, 1330.767, 1451.47, 1585.219, 1689.979, 
    1656.847, 1377.684, 685.7067, 148.093, 7.893209, 0, 0,
  302.9081, 427.2077, 600.2842, 822.6921, 987.5324, 917.3104, 668.1157, 
    303.2888, 0.4759156, 0, 0, 0, 0, 0, 0, 0, 0, 0, 0, 0, 0, 0, 0, 0, 0, 0, 
    0, 0, 0, 0, 0, 0, 0, 0, 0, 0, 0, 0, 0, 0, 0, 0, 0, 0, 0, 0, 0, 0, 0, 0, 
    0, 0, 0, 0, 0, 0, 0, 0, 0, 0, 0, 0, 0, 0, 0, 0, 0, 0, 0, 0, 0, 0, 0, 0, 
    0.05529097, 404.3319, 849.9101, 942.0059, 899.2049, 892.3331, 1045.702, 
    1259.788, 1338.622, 1238.361, 1260.895, 1324.21, 1411.141, 1544.977, 
    1598.17, 1706.571, 1414.926, 652.4966, 175.4458, 20.1155, 25.00171, 
    36.41872,
  304.3976, 367.4553, 507.5162, 723.1177, 889.1189, 890.2856, 860.1849, 
    487.2796, 0.9306844, 0, 0, 0, 0, 0, 0, 0, 0, 0, 0, 0, 0, 0, 0, 0, 0, 0, 
    0, 0, 0, 0, 0, 0, 0, 0, 0, 0, 0, 0, 0, 0, 0, 0, 0, 0, 0, 0, 0, 0, 0, 0, 
    0, 0, 0, 0, 0, 0, 0, 0, 0, 0, 0, 0, 0, 0, 0, 0, 0, 0, 0, 0, 0, 0, 0, 0, 
    48.47385, 456.4773, 788.9446, 784.0788, 797.9801, 888.491, 1040.636, 
    1257.102, 1379.351, 1308.995, 1358.369, 1450.252, 1468.341, 1489.487, 
    1519.486, 1585.82, 1321.473, 545.1862, 138.8361, 40.63335, 49.9632, 
    84.77402,
  357.9227, 326.5664, 409.4615, 533.1976, 722.5844, 805.3265, 892.149, 
    651.6109, 85.95663, 0, 0, 0, 0, 0, 0, 0, 0, 0, 0, 0, 0, 0, 0, 0, 0, 0, 0, 
    0, 0, 0, 0, 0, 0, 0, 0, 0, 0, 0, 0, 0, 0, 0, 0, 0, 0, 0, 0, 0, 0, 0, 0, 
    0, 0, 0, 0, 0, 0, 0, 0, 0, 0, 0, 0, 0, 0, 0, 0, 0, 0, 0, 0, 0, 0, 
    6.497938, 272.2702, 615.2929, 908.9059, 917.061, 841.0509, 900.0991, 
    989.4551, 1097.285, 1229.295, 1245.714, 1381.851, 1374.066, 1291.548, 
    1248.401, 1166.31, 1273.148, 967.5308, 443.7959, 159.7697, 64.36124, 
    74.43269, 110.2169,
  374.3119, 313.8954, 345.6318, 445.4458, 583.0211, 721.8264, 795.6353, 
    683.6541, 309.0318, 22.92986, 0, 0, 0, 0, 0, 0, 0, 0, 0, 0, 0, 0, 0, 0, 
    0, 0, 0, 0, 0, 0, 0, 0, 0, 0, 0, 0, 0, 0, 0, 0, 0, 0, 0, 0, 0, 0, 0, 0, 
    0, 0, 0, 0, 0, 0, 0, 0, 0, 0, 0, 0, 0, 0, 0, 0, 0, 0, 0, 0, 0, 0, 0, 0, 
    0, 217.3822, 804.5779, 921.5053, 1073.372, 1032.455, 914.3887, 915.9861, 
    975.9174, 1025.77, 1091.464, 1183.756, 1203.829, 1146.519, 1118.986, 
    1206.85, 1186.365, 1061.127, 699.5498, 315.4096, 174.5182, 91.69196, 
    117.5326, 129.1317,
  384.2018, 316.835, 329.2943, 348.3972, 449.1535, 490.7008, 580.1392, 
    682.83, 561.0168, 450.0525, 74.4604, 0, 0, 0, 0, 0, 0, 0, 0, 0, 0, 0, 0, 
    0, 0, 0, 0, 0, 0, 0, 0, 0, 0, 0, 0, 0, 0, 0, 0, 0, 0, 0, 0, 0, 0, 0, 0, 
    0, 0, 0, 0, 0, 0, 0, 0, 0, 0, 0, 0, 0, 0, 0, 0, 0, 0, 0, 0, 0, 0, 0, 0, 
    0, 1.625334, 529.3156, 1179.003, 1083.251, 1046.369, 1010.433, 952.2749, 
    974.9957, 1008.044, 1025.375, 1088.216, 1136.371, 1137.306, 977.9841, 
    966.8591, 1095.862, 1080.748, 967.8829, 583.6017, 349.6461, 208.4064, 
    122.2884, 137.5921, 124.6154,
  425.9325, 402.693, 356.9512, 342.1429, 387.3358, 451.6554, 543.8193, 
    598.1646, 671.4254, 663.9327, 658.8842, 342.5872, 1.323529, 0, 0, 0, 0, 
    0, 0, 0, 0, 0, 0, 0, 0, 0, 0, 0, 0, 0, 0, 0, 0, 0, 0, 0, 0, 0, 0, 0, 0, 
    0, 0, 0, 0, 0, 0, 0, 0, 0, 0, 0, 0, 0, 0, 0, 0, 0, 0, 0, 0, 0, 0, 0, 0, 
    0, 0, 0, 0, 0, 0, 0, 55.75727, 723.3252, 1345.097, 1208.163, 1096.152, 
    1057.105, 1042.026, 1052.195, 1075.99, 1085.4, 1083.792, 1107.45, 
    1089.932, 1003.74, 908.7562, 881.2886, 806.4973, 725.7192, 521.3715, 
    374.6654, 268.3831, 172.0694, 131.0901, 57.53464,
  461.6035, 467.3536, 394.1595, 343.5833, 356.553, 412.9582, 456.8489, 
    546.8406, 586.7995, 714.7881, 969.0544, 855.0431, 500.8872, 32.52318, 0, 
    0, 0, 0, 0, 0, 0, 0, 0, 0, 0, 0, 0, 0, 0, 0, 0, 0, 0, 0, 0, 0, 0, 0, 0, 
    0, 0, 0, 0, 0, 0, 0, 0, 0, 0, 0, 0, 0, 0, 0, 0, 0, 0, 0, 0, 0, 0, 0, 0, 
    0, 0, 0, 0, 0, 0, 0, 0, 0, 123.6441, 855.6476, 1413.006, 1269.892, 
    1172.559, 1156.56, 1149.75, 1151.305, 1144.381, 1103.469, 1061.514, 
    1045.96, 1102.312, 1112.108, 971.346, 808.2177, 695.4062, 630.5798, 
    525.356, 437.357, 384.1834, 350.2086, 123.1665, 31.22814,
  464.4684, 508.0797, 455.048, 373.7856, 366.4037, 387.9864, 443.3236, 
    495.3125, 589.3275, 739.6755, 988.6879, 1060.314, 904.9486, 528.0706, 
    225.8937, 27.69355, 0, 0, 0, 0, 0, 0, 0, 0, 0, 0, 0, 0, 0, 0, 0, 0, 0, 0, 
    0, 0, 0, 0, 0, 0, 0, 0, 0, 0, 0, 0, 0, 0, 0, 0, 0, 0, 0, 0, 0, 0, 0, 0, 
    0, 0, 0, 0, 0, 0, 0, 0, 0, 0, 0, 0, 0, 0, 174.664, 879.7312, 1444.223, 
    1357.686, 1256.545, 1275.17, 1242.061, 1206.494, 1137.42, 1064.367, 
    1009.382, 1009.102, 1074.426, 1101.382, 1013.848, 935.0889, 872.3643, 
    823.5287, 742.5305, 702.767, 638.2717, 610.8529, 236.0903, 19.05215,
  377.5986, 476.2537, 554.4959, 498.4242, 421.1341, 410.7194, 460.7333, 
    508.1182, 604.0519, 780.8995, 940.6996, 912.0196, 1031.078, 860.0245, 
    593.0319, 288.8579, 12.86605, 0, 0, 0, 0, 0, 0, 0, 0, 0, 0, 0, 0, 0, 0, 
    0, 0, 0, 0, 0, 0, 0, 0, 0, 0, 0, 0, 0, 0, 0, 0, 0, 0, 0, 0, 0, 0, 0, 0, 
    0, 0, 0, 0, 0, 0, 0, 0, 0, 0, 0, 0, 0, 0, 0, 0, 0, 211.1246, 927.424, 
    1489.004, 1561.025, 1444.746, 1376.06, 1280.973, 1179.52, 1098.244, 
    1019.69, 975.9384, 963.2079, 978.0944, 1029.098, 1103.491, 1163.96, 
    1175.215, 1136.579, 1103.248, 1014.715, 943.465, 803.7495, 369.8148, 
    113.7734,
  332.751, 472.4073, 685.3926, 635.038, 517.4619, 464.7151, 489.6293, 
    589.0376, 704.1102, 888.3381, 946.3566, 843.2612, 937.7106, 952.2573, 
    593.1406, 408.6372, 87.12373, 0, 0, 0, 0, 0, 0, 0, 0, 0, 0, 0, 0, 0, 0, 
    0, 0, 0, 0, 0, 0, 0, 0, 0, 0, 0, 0, 0, 0, 0, 0, 0, 0, 0, 0, 0, 0, 0, 0, 
    0, 0, 0, 0, 0, 0, 0, 0, 0, 0, 0, 0, 0, 0, 0, 0, 0, 274.805, 948.42, 
    1506.014, 1601.052, 1578.846, 1456.921, 1284.965, 1163.84, 1079.576, 
    1015.096, 961.92, 924.3301, 919.1673, 969.1686, 1080.93, 1206.276, 
    1290.624, 1303.251, 1316.85, 1354.376, 1136.7, 970.1143, 487.621, 182.6047 ;
}
