netcdf \mppnccombine.nc {
dimensions:
	grid_xt = 96 ;
	grid_yt = 24 ;
	time = UNLIMITED ; // (1 currently)
variables:
	double grid_xt(grid_xt) ;
		grid_xt:long_name = "T-cell longitude" ;
		grid_xt:units = "degrees_E" ;
		grid_xt:axis = "X" ;
		grid_xt:domain_decomposition = 1, 96, 1, 96 ;
	double grid_yt(grid_yt) ;
		grid_yt:long_name = "T-cell latitude" ;
		grid_yt:units = "degrees_N" ;
		grid_yt:axis = "Y" ;
		grid_yt:domain_decomposition = 1, 96, 73, 96 ;
	double time(time) ;
		time:long_name = "time" ;
		time:units = "days since 0001-01-01 00:00:00" ;
		time:axis = "T" ;
		time:calendar_type = "NOLEAP" ;
		time:calendar = "noleap" ;
	float orog(grid_yt, grid_xt) ;
		orog:long_name = "Surface Altitude" ;
		orog:units = "m" ;
		orog:missing_value = 1.e+20f ;
		orog:_FillValue = 1.e+20f ;
		orog:cell_methods = "time: point" ;
		orog:cell_measures = "area: area" ;
		orog:standard_name = "surface_altitude" ;
		orog:interp_method = "conserve_order1" ;

// global attributes:
		:filename = "mppnccombine.nc.0003" ;
		:NumFilesInSet = 4 ;
		:title = "ESM4_piControl_D" ;
		:associated_files = "area: 00010101.grid_spec.nc" ;
		:grid_type = "regular" ;
		:grid_tile = "N/A" ;
data:

 grid_xt = 1, 2, 3, 4, 5, 6, 7, 8, 9, 10, 11, 12, 13, 14, 15, 16, 17, 18, 19, 
    20, 21, 22, 23, 24, 25, 26, 27, 28, 29, 30, 31, 32, 33, 34, 35, 36, 37, 
    38, 39, 40, 41, 42, 43, 44, 45, 46, 47, 48, 49, 50, 51, 52, 53, 54, 55, 
    56, 57, 58, 59, 60, 61, 62, 63, 64, 65, 66, 67, 68, 69, 70, 71, 72, 73, 
    74, 75, 76, 77, 78, 79, 80, 81, 82, 83, 84, 85, 86, 87, 88, 89, 90, 91, 
    92, 93, 94, 95, 96 ;

 grid_yt = 73, 74, 75, 76, 77, 78, 79, 80, 81, 82, 83, 84, 85, 86, 87, 88, 
    89, 90, 91, 92, 93, 94, 95, 96 ;

 time = 0 ;

 orog =
  0, 0, 0, 0, 0, 0, 0, 0, 0, 0, 0, 0, 0, 0, 0, 0, 0, 0, 0, 0, 0, 0, 0, 0, 0, 
    0, 0, 0, 0, 0, 0, 0, 0, 0, 0, 0, 0, 0, 0, 0, 0, 0, 5.010157, 137.2761, 
    246.5296, 275.4832, 286.3332, 281.9478, 285.9474, 335.5515, 358.7326, 
    329.0612, 289.5595, 278.5055, 274.489, 270.4537, 278.7563, 306.5069, 
    345.374, 407.7699, 519.6101, 695.6252, 1020.536, 1431.428, 1296.497, 
    1159.715, 894.8511, 889.3289, 837.659, 898.1722, 824.8221, 688.373, 
    685.1447, 783.9781, 882.051, 899.179, 1132.87, 975.0953, 703.803, 
    579.3523, 556.1559, 602.6837, 672.3351, 701.9514, 668.7778, 612.2599, 
    538.6722, 430.2552, 334.1217, 260.4696, 247.4416, 300.6423, 367.5648, 
    419.1653, 385.3712, 385.5648,
  0, 0, 0, 0, 0, 0, 0, 0, 0, 0, 0, 0, 0, 0, 0, 0, 0, 0, 0, 0, 0, 0, 0, 0, 0, 
    0, 0, 0, 0, 0, 0, 0, 0, 0, 0, 0, 0, 0, 0, 0, 0, 0, 0, 57.55773, 181.7126, 
    294.1019, 358.642, 376.2969, 381.9689, 378.035, 391.0516, 372.8776, 
    348.465, 324.6873, 307.1947, 273.0872, 273.6699, 274.8869, 275.7082, 
    315.3789, 463.814, 693.0596, 959.1632, 1143.813, 1204.84, 1186.019, 
    1113.179, 1009.146, 981.3286, 895.3462, 765.3611, 644.151, 603.1124, 
    711.8834, 624.4473, 590.9575, 727.5765, 872.574, 675.1846, 577.9081, 
    544.3901, 554.0104, 578.1396, 636.2142, 666.0281, 591.5745, 499.7725, 
    416.1812, 362.9875, 301.6709, 266.8849, 341.4141, 365.0664, 373.7022, 
    355.0049, 393.6327,
  0, 0, 0, 0, 0, 0, 0, 0, 0, 0, 0, 0, 0, 0, 0, 0, 0, 0, 0, 0, 0, 0, 0, 0, 0, 
    0, 0, 0, 0, 0, 0, 0, 0, 0, 0, 0, 0, 0, 0, 0, 0, 0, 0, 7.672453, 76.61076, 
    200.5678, 304.525, 397.0667, 442.379, 428.145, 388.1142, 388.5081, 
    408.9069, 422.5594, 380.0047, 325.1395, 271.7728, 229.48, 221.3898, 
    214.3802, 330.7382, 597.4027, 826.9779, 1010.901, 1106.384, 1267.898, 
    1164.386, 1014.269, 812.2874, 856.5626, 721.2389, 588.0623, 545.859, 
    605.4478, 543.02, 491.1708, 537.3549, 686.0102, 599.1124, 549.1641, 
    530.5813, 510.3197, 549.0093, 608.9304, 682.692, 603.2574, 419.0844, 
    360.2815, 332.0342, 312.2987, 297.1729, 354.3885, 423.995, 364.6626, 
    357.3581, 429.184,
  0, 0, 0, 0, 0, 0, 0, 0, 0, 0, 0, 0, 0, 0, 0, 0, 0, 0, 0, 0, 0, 0, 0, 0, 0, 
    0, 0, 0, 0, 0, 0, 0, 0, 0, 0, 0, 0, 0, 0, 0, 4.492652, 0, 5.913332, 0, 
    9.827749, 122.8932, 239.9646, 413.3958, 469.7688, 442.4698, 411.2574, 
    384.8907, 404.1997, 419.0803, 395.6619, 331.3684, 275.5099, 249.502, 
    270.0858, 300.564, 302.8828, 432.2428, 627.8237, 685.1678, 758.2089, 
    829.3271, 816.4886, 691.1724, 675.4188, 734.3888, 674.1106, 540.9742, 
    509.9907, 540.2866, 512.6861, 438.8988, 428.1956, 510.8031, 492.1108, 
    477.0582, 467.651, 481.3288, 477.3205, 570.1652, 742.3004, 660.6039, 
    434.6603, 307.3639, 286.5654, 295.7912, 296.1364, 355.3662, 457.1753, 
    393.4307, 396.5924, 493.4605,
  0, 0, 0, 0, 0, 0, 0, 0, 0, 0, 0, 0, 0, 0, 0, 0, 0, 0, 0, 0, 0, 0, 0, 0, 0, 
    0, 0, 0, 0, 0, 0, 0, 0, 0, 0, 0, 0, 0, 0, 0, 38.18091, 177.9759, 
    78.61066, 5.231147, 20.97725, 4.670784, 80.24761, 276.9565, 515.89, 
    480.1449, 420.3515, 475.0774, 450.7651, 429.4347, 397.8179, 353.9267, 
    293.7534, 272.3435, 388.218, 463.1545, 491.6412, 475.5977, 481.5441, 
    496.2309, 455.1932, 510.3101, 537.7867, 541.0651, 539.1157, 607.288, 
    534.366, 475.9772, 458.8337, 508.1748, 500.2999, 470.7975, 373.0616, 
    372.9929, 372.6212, 339.7219, 379.8255, 402.0655, 426.9336, 542.4205, 
    772.5742, 775.2917, 518.3701, 319.2849, 250.5893, 235.3483, 234.3458, 
    282.5884, 389.9496, 389.2494, 430.362, 541.4569,
  0, 0, 0, 0, 0, 0, 0, 0, 0, 0, 0, 0, 0, 0, 0, 0, 0, 0, 0, 0, 0, 0, 0, 0, 0, 
    0, 0, 0, 0, 0, 0, 0, 0, 0, 0, 0, 0, 0, 0, 0, 42.64318, 0, 0, 0, 14.13362, 
    0, 0, 97.32533, 567.0143, 755.1489, 660.1171, 552.6977, 559.0915, 
    519.6163, 501.7351, 442.0413, 369.866, 317.342, 371.9945, 499.4051, 
    535.2877, 491.8406, 421.9243, 376.5453, 400.5975, 453.606, 510.7452, 
    552.5534, 541.176, 503.5962, 466.0743, 452.3511, 428.7473, 469.4224, 
    558.7114, 555.1274, 362.4989, 286.6256, 277.3649, 257.8876, 279.6031, 
    357.494, 406.6543, 470.3801, 647.2722, 685.0935, 537.283, 372.8993, 
    288.5817, 221.9755, 181.4825, 209.1741, 291.7701, 287.4789, 395.4302, 
    561.2106,
  0, 0, 0, 0, 0, 0, 0, 0, 0, 0, 0, 0, 0, 0, 0, 0, 0, 0, 0, 0, 0, 0, 0, 0, 0, 
    0, 0, 0, 0, 0, 0, 0, 0, 0, 0, 0, 0, 0, 0, 0, 0, 0, 0.01953389, 0, 0, 0, 
    0, 0, 455.7978, 1051.609, 1211.341, 1040.144, 739.9411, 620.1765, 
    620.5828, 543.5131, 502.523, 425.7497, 412.7139, 442.9023, 449.829, 
    379.7539, 314.4379, 297.9188, 320.5314, 397.3131, 505.9446, 602.7551, 
    619.6101, 569.6279, 539.3142, 520.7625, 497.6906, 523.4991, 613.6224, 
    612.6038, 400.595, 262.5043, 224.5589, 204.1281, 205.329, 279.9945, 
    355.9917, 390.6264, 461.2118, 514.0649, 484.4973, 380.1658, 331.9442, 
    259.4583, 192.7791, 282.2837, 280.4692, 273.8584, 398.2701, 491.5527,
  0, 0, 0, 0, 0, 0, 0, 0, 0, 0, 0, 0, 0, 0, 0, 0, 0, 0, 0, 0, 0, 0, 0, 0, 0, 
    0, 0, 0, 0, 0, 0, 0, 0, 0, 0, 0, 0, 0, 0, 0, 0, 0, 0, 0, 0, 0, 0, 0, 
    524.9088, 1227.854, 1514.503, 1593.471, 1283.125, 835.2573, 726.7971, 
    681.4029, 629.7035, 589.2842, 510.3927, 473.1457, 430.4084, 306.1007, 
    237.6619, 228.5278, 244.4046, 284.5834, 374.7751, 497.4753, 605.6686, 
    636.1135, 616.2618, 595.865, 525.5728, 477.7885, 496.7985, 413.9014, 
    286.8343, 221.6673, 207.5997, 165.5916, 149.3675, 196.3652, 251.1849, 
    278.328, 301.5162, 361.5432, 350.5833, 304.2287, 281.5658, 276.7146, 
    189.8026, 362.6567, 363.6728, 247.8723, 372.7149, 441.053,
  0, 0, 0, 0, 0, 0, 0, 0, 0, 0, 0, 0, 0, 0, 0, 0, 0, 0, 0, 0, 0, 0, 0, 0, 0, 
    0, 0, 0, 0, 0, 0, 0, 0, 0, 0, 0, 0, 0, 0, 0, 0, 0, 0, 0, 0, 0, 0, 0, 
    109.9336, 398.2949, 940.3243, 1436.861, 1731.173, 1299.493, 1035.062, 
    902.295, 892.6244, 738.1326, 628.37, 557.6457, 490.0444, 346.9488, 
    207.4061, 175.4873, 181.6765, 210.3732, 258.1815, 368.8855, 533.0062, 
    620.7709, 626.9582, 508.8629, 400.888, 363.2095, 333.2734, 270.4286, 
    219.8917, 179.2967, 159.2247, 142.6616, 109.0908, 142.8433, 178.4309, 
    190.0326, 221.8169, 245.1929, 268.4247, 231.8128, 307.9815, 330.6054, 
    275.8257, 397.8697, 359.8254, 219.364, 334.6523, 463.7612,
  0, 0, 0, 0, 0, 0, 0, 0, 0, 0, 0, 0, 0, 0, 0, 0, 0, 0, 0, 0, 0, 0, 0, 0, 0, 
    0, 0, 0, 0, 0, 0, 0, 0, 0, 0, 0, 0, 0, 0, 0, 0.06423091, 57.11491, 0, 0, 
    0, 0, 0, 0, 7.836217, 136.0153, 314.1614, 994.2757, 1493.946, 1517.679, 
    1301.398, 1272.304, 1158.99, 1018.497, 845.142, 688.6971, 603.6498, 
    439.0118, 236.4267, 146.054, 144.4927, 163.0123, 225.2119, 349.3079, 
    489.0631, 592.2128, 608.7792, 410.0895, 244.743, 193.4141, 256.4616, 
    227.5397, 197.2503, 107.2875, 83.52959, 68.98138, 80.46129, 115.9747, 
    132.9302, 145.9669, 152.7381, 174.7173, 173.7455, 175.6978, 235.3297, 
    318.201, 276.576, 340.2295, 316.9229, 225.2303, 420.5147, 420.0156,
  0, 0, 0, 0, 0, 0, 0, 0, 0, 0, 0, 0, 0, 0, 0, 0, 0, 0, 0, 0, 0, 0, 0, 0, 0, 
    0, 0, 0, 0, 0, 0, 0, 0, 0, 0, 0, 0, 0, 0, 0, 0, 0, 0, 0, 0, 0, 0, 0, 0, 
    2.182514, 89.51676, 343.4627, 955.3691, 1260.624, 1151.738, 1138.569, 
    1236.952, 1157.061, 1085.779, 1005.899, 794.526, 562.4872, 299.4979, 
    123.4399, 98.68906, 119.4459, 185.4302, 329.3733, 361.4457, 432.3123, 
    502.7655, 379.1094, 146.3032, 62.53582, 92.53636, 99.53645, 60.84525, 
    11.73829, 14.53334, 21.45396, 50.65263, 84.13147, 89.0048, 93.22248, 
    110.0247, 112.9956, 145.8865, 186.0687, 228.4272, 220.4345, 204.2188, 
    252.7047, 291.9086, 311.514, 407.4745, 196.5356,
  0, 0, 0, 0, 0, 0, 0, 0, 0, 0, 0, 0, 0, 0, 0, 0, 0, 0, 0, 0, 0, 0, 0, 0, 0, 
    0, 0, 0, 0, 0, 0, 0, 0, 0, 0, 0, 0, 0, 0, 0, 0, 0, 0, 0, 0, 0, 0, 0, 0, 
    0, 0, 37.47989, 422.1205, 709.343, 683.818, 813.1848, 1012.258, 1090.199, 
    1166.657, 1117.992, 963.0756, 744.8711, 327.3204, 67.59232, 51.20574, 
    51.10489, 136.7648, 215.8003, 145.3761, 67.80409, 186.2934, 218.4242, 
    88.11556, 0.4354767, 0, 0, 0, 0, 34.36349, 48.50853, 69.10825, 73.94706, 
    66.00063, 75.26979, 83.438, 52.38344, 29.00477, 151.119, 204.1204, 
    143.2567, 130.4681, 270.9427, 483.1219, 465.0688, 362.5184, 4.126702,
  0, 0, 0, 0, 0, 0, 0, 0, 0, 0, 0, 0, 0, 0, 0, 0, 0, 0, 0, 0, 0, 0, 0, 0, 0, 
    0, 0, 0, 0, 0, 0, 0, 0, 0, 0, 0, 0, 0, 0, 0, 0, 0, 0, 0, 0, 0, 0, 0, 0, 
    0, 0, 17.66449, 261.7532, 151.233, 91.45276, 90.23305, 372.949, 595.9958, 
    811.2404, 1056.335, 1019.892, 820.1436, 449.4274, 159.2536, 109.9366, 
    231.9172, 190.1881, 121.1451, 13.04661, 0.002457884, 0.07684267, 
    1.469449, 0.02487941, 0, 0, 0, 0, 0, 69.92484, 163.3495, 125.5531, 
    119.3953, 127.3019, 150.9474, 169.9525, 115.3876, -54.83441, 78.6655, 
    169.3711, 172.5084, 110.4562, 298.2401, 618.7454, 450.6016, 111.6259, 0,
  0, 0, 0, 0, 0, 0, 0, 0, 0, 0, 0, 0, 0, 0, 0, 0, 0, 0, 0, 0, 0, 0, 0, 0, 0, 
    0, 0, 0, 0, 0, 0, 0, 0, 0, 0, 0, 0, 0, 0, 0, 0, 0, 0, 0, 0, 0, 0, 0, 0, 
    0, 0, 18.18774, 198.2974, 24.82351, 0.01659623, 0, 9.641451, 62.01321, 
    362.3916, 663.819, 745.0246, 764.4761, 729.5575, 860.1415, 989.5406, 
    901.2372, 633.0322, 214.5284, 22.94515, 0, 0, 0, 0, 0, 0, 0, 0, 0, 
    71.94882, 276.9225, 273.4788, 160.4362, 155.9303, 183.5391, 191.451, 
    188.135, 115.3398, 35.40816, 124.8625, 162.5711, 94.14777, 280.8703, 
    519.7524, 233.8496, 268.5618, 36.8153,
  0, 0, 0, 0, 0, 0, 0, 0, 0, 0, 0, 0, 0, 0, 0, 0, 0, 0, 0, 0, 0, 0, 0, 0, 0, 
    0, 0, 0, 0, 0, 0, 0, 0, 0, 0, 0, 0, 0, 0, 0, 0, 0, 0, 0, 0, 0, 0, 0, 
    0.1127852, 103.1683, 83.84983, 125.6781, 310.4157, 588.7912, 843.4153, 
    526.3326, 1.147217, 0, 31.65186, 188.915, 342.4284, 556.4823, 714.2188, 
    878.2565, 858.4985, 833.0258, 646.3763, 302.5152, 38.86568, 0, 
    0.01003916, 0, 0, 0, 0, 0, 0, 0, 0, 50.22194, 269.6366, 109.4844, 
    37.02338, 59.75043, 26.35164, 79.59688, 104.9516, 76.24226, 67.52459, 
    111.2902, 103.7956, 226.3943, 374.5558, 285.326, 834.7192, 451.0992,
  0, 0, 0, 0, 0, 0, 0, 0, 0, 0, 0, 0, 0, 0, 0, 0, 0, 0, 0, 0, 0, 0, 0, 0, 0, 
    0, 0, 0, 0, 0, 0, 0, 0, 2.3265, 0, 0, 0, 0, 0, 0, 0, 0, 0, 0, 0, 0, 0, 0, 
    3.225108, 103.0244, 258.1696, 347.2978, 418.1593, 560.3155, 894.6843, 
    791.2195, 306.0076, 0.8998873, 0, 0, 0, 14.49841, 35.44591, 118.7575, 
    200.4224, 258.1529, 344.5415, 204.937, 28.87837, 0, 0.1383204, 0, 
    2.479101, 0, 0, 0, 0, 0, 0, 0, 0, 0, 0, 0, 0, 0, 0, 0, 0.01911015, 
    8.849098, 12.94733, 55.8584, 180.516, 374.3842, 761.2708, 606.065,
  0, 0, 0, 0, 0, 0, 0, 0, 0, 0, 0, 0, 0, 0, 0, 0, 0, 0, 0, 0, 0, 0, 0, 0, 0, 
    0, 0, 0, 0, 0, 0, 0, 15.89997, 14.70358, 0, 0, 0, 0, 0, 0, 0, 0, 0, 0, 0, 
    0, 0, 0, 37.67767, 140.6756, 246.9203, 375.567, 456.3772, 603.2179, 
    768.8178, 926.5468, 582.7935, 196.5176, 0, 0.4811277, 0, 0, 0, 0, 0, 0, 
    24.83666, 45.255, 12.15549, 2.415782, 0, 0.09825284, 1.407857, 0, 0, 0, 
    0, 0, 0, 0, 0, 0, 0, 0, 0, 0, 0, 0, 0, 0, 0.6392468, 2.363386, 28.96285, 
    234.0622, 386.0693, 563.9972,
  0, 0, 0, 0, 0, 0, 0, 0, 0, 0, 0, 0, 0, 0, 0, 0, 0, 0, 0, 0, 0, 0, 0, 0, 0, 
    0, 0, 0, 0, 17.55955, 29.1074, 15.34933, 0, 0, 0, 0, 0, 0, 0, 0, 0, 0, 0, 
    0, 0, 0, 0, 0, 10.62364, 190.7695, 391.3156, 404.325, 600.9966, 680.045, 
    704.8675, 862.8046, 749.6393, 130.0502, 3.100419, 5.116066, 6.17757, 0, 
    0, 0, 0, 0, 0, 0, 0, 0.4328433, 76.46776, 242.6619, 291.0963, 5.134037, 
    0, 0, 0, 0, 0, 0, 0, 0, 0.8376673, 0, 0, 0, 0, 0, 0, 0, 0, 0.008186113, 
    0.07604827, 15.87589, 119.0556, 379.1627,
  0, 0, 0, 0, 0, 0, 0, 0, 0, 0, 0, 0, 0, 0, 0, 0, 0, 0, 0, 0, 0, 0, 0, 0, 0, 
    0, 0, 0, 0, 0, 1.163343, 0, 0, 0, 0, 0, 0, 0, 0, 0, 0, 0, 0, 0, 0, 0, 0, 
    0, 0, 255.9357, 568.2272, 791.1302, 892.6254, 903.9981, 891.0063, 
    1059.328, 1098.428, 617.2275, 6.932829, 0.3629374, 65.03675, 7.93887, 0, 
    0, 0, 0.8275996, 112.0045, 17.52323, 0, 0, 57.19586, 246.4086, 451.7093, 
    100.6016, 0.06041526, 0, 0, 0, 0, 0, 0, 0.5732526, 182.9803, 198.6564, 
    161.3975, 11.53954, 0, 0, 0, 0, 0, 0, 0, 0, 0.992954, 173.7827,
  0, 0, 0, 0, 0, 0, 0, 0, 0, 0, 0, 0, 0, 0, 0, 0, 0, 0, 0, 0, 0, 0, 0, 0, 0, 
    0, 0, 8.585627, 0, 0, 0, 0, 0, 0, 0, 0, 0, 0, 0, 0, 0, 0, 0, 0, 0, 0, 0, 
    0, 0, 257.8992, 621.7795, 752.3851, 846.557, 900.2053, 1019.242, 1113.99, 
    880.9015, 529.3146, 159.8383, 6.419941, 0, 0, 0, 0, 0, 0.03464887, 
    317.7343, 145.3232, 0, 0, 0.1035934, 0, 5.595896, 134.9415, 159.4373, 0, 
    0, 0, 0, 0.5597559, 213.3741, 71.13373, 0, 0, 10.51704, 18.63104, 
    3.763446, 0, 0, 0, 0, 0, 0, 0, 0, 34.35713,
  0, 0, 0, 0, 0, 0, 0, 0, 0, 0, 0, 0, 0, 0, 0, 0, 0, 0, 0, 0, 0, 0, 0, 0, 0, 
    0, 0, 0, 0, 0, 0, 0, 0, 0, 0, 0, 0, 0, 0, 0, 0, 0, 0, 0, 0, 0, 0, 0, 
    1.43994, 381.3143, 748.3234, 941.8181, 893.6531, 933.1523, 1035.22, 
    860.355, 610.6863, 554.7979, 525.4812, 498.002, 75.12685, 0, 0, 0, 0, 
    11.73125, 325.2318, 124.1923, 0, 0, 0, 0, 0, 42.32673, 450.324, 9.972672, 
    0, 0, 34.3005, 62.80934, 603.7728, 328.5521, 8.121914, 9.169447, 
    6.230115, 1.321965, 11.59744, 3.048517, 0, 0, 0, 0, 0, 0, 0, 6.704556,
  0, 0, 0, 0, 0, 0, 0, 0, 0, 0, 0, 0, 0, 0, 0, 0, 0, 0, 0, 0, 0, 0, 0, 0, 0, 
    0, 0, 0, 0, 0, 0, 0, 0, 0, 0, 0, 0, 0, 0, 0, 0, 0, 0, 0, 0, 0, 0, 0, 
    30.85074, 297.304, 660.8721, 966.9948, 998.4858, 885.1306, 751.5646, 
    655.1858, 732.1314, 1084.44, 1349.639, 1119.806, 408.8793, 0, 0, 0, 0, 0, 
    140.0299, 7.918328, 0, 0, 0.1702392, 1.991248, 53.83979, 472.2008, 
    346.2012, 2.112901, 0.005206824, 0, 24.37175, 219.4124, 598.756, 
    329.5864, 98.26838, 18.94595, 28.95024, 2.492014, 22.5628, 50.42095, 0, 
    0, 0, 0, 22.81216, 24.65398, 0, 0,
  0, 0, 0, 0, 0, 0, 0, 0, 0, 0, 0, 0, 0, 0, 0, 0, 0, 0, 0, 0, 0, 0, 0, 0, 0, 
    0, 0, 0, 0, 0, 0, 0, 0, 0, 0, 0, 0, 0, 0, 0, 0, 0, 0, 0, 0, 0, 0, 0, 0, 
    26.93062, 106.7775, 98.48605, 75.9237, 51.93491, 62.07972, 66.57274, 
    176.725, 422.3495, 479.3473, 519.7673, 215.12, 2.231832, 0.004072465, 
    1.405816, 0.08232938, 0, 495.7819, 40.24272, 0, 7.263184, 112.9553, 
    325.7667, 421.6084, 533.7393, 301.4734, 91.60561, 24.09392, 33.98492, 
    380.9341, 705.0402, 632.1104, 263.1127, 138.8074, 37.80578, 1.129739, 
    35.61073, 95.76726, 325.1597, 511.9413, 832.47, 77.51266, 0, 41.77975, 
    292.1154, 30.66951, 0,
  0, 0, 0, 0, 0, 0, 0, 0, 0, 0, 0, 0, 0, 0, 0, 0, 0, 0, 0, 0, 0, 0, 0, 0, 0, 
    0, 0, 0, 0, 0, 0, 0, 0, 0, 0, 0, 0, 0, 0, 0, 0, 0, 0, 0, 0, 0, 0, 0, 0, 
    0, 0, 0, 0, 0, 0, 0, 23.8246, 73.93395, 126.2193, 321.1346, 494.5471, 
    282.6015, 106.8233, 331.644, 202.062, 0, 24.80076, 24.1915, 49.88836, 
    269.6974, 671.1443, 778.3289, 494.5531, 183.3987, 40.72751, 10.41955, 0, 
    92.49084, 767.71, 1000.381, 579.1232, 178.2135, 9.95975, 6.408473, 
    10.95331, 70.58002, 197.3521, 552.4769, 928.8527, 1256.867, 539.4283, 
    47.92098, 154.266, 98.49847, 27.90792, 1.357446 ;
}
